1.006955550056718884e+00 2.253020000000000000e+05
1.078480431694451624e+00 1.972220000000000000e+05
1.155085784553584238e+00 1.711640000000000000e+05
1.237132478687172688e+00 1.498180000000000000e+05
1.325007017045207514e+00 1.304160000000000000e+05
1.419123356200382435e+00 1.139670000000000000e+05
1.519924856401515756e+00 9.926500000000000000e+04
1.627886370140869232e+00 8.671500000000000000e+04
1.743516479074124437e+00 7.561600000000000000e+04
1.867359889830626285e+00 6.604400000000000000e+04
